Adjacency Matrix (7x7):
          0       1       2       3       4       5       6
 0     0.00  335.77    0.00    0.00    0.00    0.00  135.01
 1   335.77    0.00   59.20  359.36  138.83  159.52  308.06
 2     0.00   59.20    0.00  408.86  190.92  215.08  365.66
 3     0.00  359.36  408.86    0.00  336.81  310.10  287.54
 4     0.00  138.83  190.92  336.81    0.00    0.00  182.69
 5     0.00  159.52  215.08  310.10    0.00    0.00    0.00
 6   135.01  308.06  365.66  287.54  182.69    0.00    0.00
