Adjacency Matrix (8x8):
          0       1       2       3       4       5       6       7
 0     0.00    0.00   41.15  446.81  485.21  142.95  370.90  124.08
 1     0.00    0.00    0.00   92.44   28.60  370.74  227.97  637.11
 2    41.15    0.00    0.00    0.00  446.87    0.00    0.00  164.20
 3   446.81   92.44    0.00    0.00   69.46  307.51  135.53  568.51
 4   485.21   28.60  446.87   69.46    0.00  342.66  204.04    0.00
 5   142.95  370.74    0.00  307.51  342.66    0.00  251.35    0.00
 6   370.90  227.97    0.00  135.53  204.04  251.35    0.00  483.54
 7   124.08  637.11  164.20  568.51    0.00    0.00  483.54    0.00
