Adjacency Matrix (9x9):
          0       1       2       3       4       5       6       7       8
 0     0.00    0.00    0.00  207.24    0.00    0.00    0.00  129.39    0.00
 1     0.00    0.00    0.00  279.16  178.09    0.00    0.00    0.00  119.10
 2     0.00    0.00    0.00    0.00  326.02  431.84  479.94  341.88  286.43
 3   207.24  279.16    0.00    0.00  350.46    0.00    0.00    0.00    0.00
 4     0.00  178.09  326.02  350.46    0.00    0.00  230.08    0.00   76.92
 5     0.00    0.00  431.84    0.00    0.00    0.00   90.02  193.50    0.00
 6     0.00    0.00  479.94    0.00  230.08   90.02    0.00  179.01  209.86
 7   129.39    0.00  341.88    0.00    0.00  193.50  179.01    0.00   58.82
 8     0.00  119.10  286.43    0.00   76.92    0.00  209.86   58.82    0.00
